3,2
3,1
3,3
10,83
10,272
10,148
10,288
10,235
10,6
10,136
10,1
10,154
10,2
10,3
11,18
11,22
11,30
11,4
11,9
11,24
11,1
11,11
11,2
11,3
9,7
9,4
9,1
9,6
9,2
9,3
8,9
8,17
8,4
8,8
8,16
8,1
8,5
8,2
8,3
12,2
12,1
12,3
20,2
20,1
20,3
19,2
19,1
19,3
18,1
18,3
14,1
14,3
13,1
13,3
2,2
2,1
2,3
532,3
532,2
532,1
532,0
0,0
533,34
533,33
533,32
533,31
533,30
533,29
533,28
533,27
533,26
533,25
533,24
533,23
533,22
533,21
533,20
533,19
533,18
533,17
533,16
533,15
533,14
533,13
533,12
533,11
533,10
533,9
533,8
533,7
533,6
533,5
533,4
533,3
533,2
533,0
0,276
0,275
